image_width: 720
image_height: 540
camera_name: narrow_stereo
camera_matrix:
  rows: 3
  cols: 3
  data: [697.7864797135014, 0.000000,          345.15440,
         0.000000,          696.3340055344548, 297.26408858692610,
         0.000000,          0.000000,          1.000000]
distortion_model: plumb_bob
distortion_coefficients:
  rows: 1
  cols: 5
  data: [-0.4201, 0.2024, -0.0005160242774163281, 0.003750181726942, 0]
rectification_matrix:
  rows: 3
  cols: 3
  data: [1.000000, 0.000000, 0.000000, 0.000000, 1.000000, 0.000000, 0.000000, 0.000000, 1.000000]
projection_matrix:
  rows: 3
  cols: 4
  data: [697.7864797135014, 0.000000,          345.15440,          0.0,
         0.000000,          696.3340055344548, 297.26408858692610, 0.0,
         0.000000,          0.000000,          1.000000,           0.0]
